52=[ 26060]
22=[ 26080]
1074=[ 14723 , 14715 , 14681 , 16762]
204048=[ 14520]
509230=[ 11279 , 12864]
15790=[ 19764]
360378=[ 11147]
31857=[ 11148 , 15628 , 15629 , 15711]
534758=[ 11737]
364127=[ 18429 , 22368]
41080=[ 20286 , 20975 , 21249 , 21410 , 23223 , 23537]
76498=[ 11238]
234876=[ 11754]
125738=[ 11551 , 12139 , 12179 , 12622 , 21250 , 21425 , 21408 , 21422]
142640=[ 11950 , 11985 , 12345 , 12358 , 12720 , 12820 , 13799 , 14094 , 14365]
512750=[ 16767]
153198=[ 21250 , 21425 , 21408 , 21422 , 21421 , 21371 , 21725]
526711=[ 11507 , 17664 , 17965 , 18425 , 18494 , 20275 , 20163]
146701=[ 13787 , 23507]
147953=[ 11539]
169476=[ 11455 , 11685]
290172=[ 16211 , 16384 , 16696 , 17113 , 22006 , 22007]
236867=[ 15757]
314016=[ 11239 , 11711 , 11892 , 22918]
146842=[ 15447]
505227=[ 12028]
359078=[ 12743 , 12790 , 14071 , 13988 , 14514 , 21369 , 21494]
363796=[ 12805]
202892=[ 20152 , 20197 , 20635 , 22295 , 22748 , 22917]
202955=[ 11439 , 11610 , 11965 , 12381]
203718=[ 13976]
203720=[ 23517]
203966=[ 0 , 15621 , 22888]
205071=[ 12642 , 17805 , 18216]
205157=[ 13402 , 19445 , 20216 , 23427]
208026=[ 16914 , 17123 , 17805 , 18017 , 17888 , 18146 , 18216 , 19400]
208054=[ 11818 , 23544]
208286=[ 11281 , 11498]
208588=[ 11426 , 11449 , 11521 , 11729 , 11909 , 12046 , 13004 , 13313 , 20334]
225482=[ 17861]
360364=[ 12812 , 15890]
358666=[ 23589]
259582=[ 19749]
314017=[ 11128 , 11711 , 23566]
235244=[ 20849 , 21219]
145498=[ 18378]
192133=[ 11075 , 11239 , 11250 , 11640 , 11711 , 12215 , 15119 , 21280 , 23256]
202513=[ 23573]
208205=[ 15849]
221196=[ 14621]
16479=[ 18417]
203759=[ 23509]
514545=[ 11443 , 21678 , 21710]
382187=[ 11103 , 11571 , 15365 , 18165 , 20281 , 20406 , 20544]
504448=[ 11268 , 12160]
544085=[ 11463 , 11608 , 11723]
533915=[ 11472 , 12205 , 12218 , 12291 , 14143 , 14144]
533867=[ 11478 , 11497]
521892=[ 11598]
556136=[ 21036]
516531=[ 11742 , 19935]
538839=[ 11762 , 11886]
523331=[ 12168]
389504=[ 12174]
522474=[ 12185]
391377=[ 12228 , 16957]
362689=[ 12263 , 12390 , 14574 , 16091 , 16088 , 21017]
466978=[ 12872]
512732=[ 14858 , 20722]
523545=[ 17842 , 19693 , 21478]
539432=[ 19962 , 23554 , 23523 , 23615]
357251=[ 11486 , 12241 , 16771]
361732=[ 13956 , 14455 , 15610 , 17746]
234850=[ 22872]
234851=[ 13123 , 22166]
234852=[ 11736 , 11768 , 12084]
235854=[ 11693 , 15396 , 17655 , 17786 , 19482 , 21731 , 22097 , 22911 , 23371]
236623=[ 12349 , 14900 , 17171 , 19919 , 22283]
236628=[ 11899 , 13712 , 16983 , 17143 , 17410 , 23229]
237244=[ 19827]
238572=[ 21196 , 21562 , 21661 , 22944 , 23175]
238574=[ 11461]
238577=[ 11104 , 11279 , 19346 , 19547 , 19927 , 20603]
239589=[ 11664 , 12080 , 12179 , 14872 , 21222]
240558=[ 21731 , 22097 , 23233 , 23153 , 23562]
242724=[ 11531 , 11536 , 21449]
246851=[ 19655]
248125=[ 11648]
249264=[ 17810 , 21137]
249446=[ 11256 , 14573 , 16430]
251760=[ 12331 , 12332 , 13617 , 14037 , 14098 , 14046 , 14523 , 20227 , 21439]
257945=[ 11906 , 12883]
260354=[ 18516]
261199=[ 14169 , 14389]
261617=[ 12260 , 12320 , 13619 , 13667 , 13729 , 14371 , 15341 , 16237 , 20399 , 20647]
359971=[ 12051 , 12856 , 15335 , 19484]
359973=[ 11503 , 11590]
360021=[ 17287]
360136=[ 19427]
360158=[ 14623]
360171=[ 17238]
3582=[ 21319]
387326=[ 20640]
387960=[ 11516 , 16684]
359987=[ 14165 , 14268 , 14270]
360303=[ 18079]
361013=[ 20641]
361128=[ 22004]
361264=[ 11383]
361464=[ 11434]
385046=[ 15609 , 21232]
259534=[ 12141]
264315=[ 12061]
515235=[ 11150 , 11237 , 11527 , 12086 , 12254 , 18254 , 19460 , 19772 , 20646 , 20954]
375624=[ 11246 , 11492]
515474=[ 11247 , 15833 , 16093 , 16402 , 19600]
240607=[ 11451]
355256=[ 11456]
508595=[ 11744 , 11745 , 18318 , 18509]
529333=[ 11756]
534578=[ 11816]
527262=[ 11992]
393327=[ 12141]
238322=[ 12347]
355919=[ 12628]
362136=[ 12555]
524248=[ 12347 , 12642]
3065=[ 12673]
363434=[ 12881]
516334=[ 14872]
530220=[ 19041 , 21707 , 23211]
229425=[ 12292 , 14838 , 20166 , 21220 , 21831]
528509=[ 21458]
491439=[ 19566]
537581=[ 17428]
542705=[ 21358]
529563=[ 19318]
148047=[ 16351]
516193=[ 18801]
522472=[ 21548]
393092=[ 23493]
288003=[ 16282 , 21410]
288343=[ 15197 , 16963 , 21679]
290408=[ 21161]
291233=[ 11114 , 19486]
305875=[ 11167 , 11710 , 11732 , 11797 , 11798 , 12134 , 12135 , 12164 , 12313 , 12773 , 14153 , 14416 , 14363 , 14504 , 16695 , 20152 , 21501]
312147=[ 13198]
340627=[ 11275]
238466=[ 18367]
506783=[ 19548]
348901=[ 16282]
355883=[ 17984]
356380=[ 22871]
356895=[ 17392 , 18481 , 23492]
359500=[ 13462]
359846=[ 11266 , 15394]
355569=[ 14414]
362744=[ 19956]
507537=[ 22790]
521370=[ 11109 , 20161 , 20719 , 22009 , 22242 , 22284]
261634=[ 11143]
257334=[ 11245 , 16858]
529469=[ 11384]
545819=[ 11386]
259878=[ 11435]
545691=[ 11437 , 12599 , 15321]
361913=[ 11438 , 13579]
349125=[ 11461]
357462=[ 11469]
530418=[ 11476]
532455=[ 11577]
537521=[ 11604]
524740=[ 11635 , 11718 , 11733 , 11735 , 11748 , 11765 , 11808 , 12058 , 12209 , 12883 , 12791 , 13885 , 13887 , 13948 , 14870 , 14956 , 15124 , 15241 , 15236 , 15437 , 15795 , 15781 , 16071 , 16718 , 16697 , 16974 , 17118 , 17235 , 17124 , 18338 , 18475 , 19255 , 19342 , 19818 , 20223 , 20420 , 20593 , 21356 , 21692 , 21721 , 23593 , 23659 , 23686]
537601=[ 11691 , 11724 , 11891 , 11946 , 12201 , 16655]
534569=[ 11760 , 11802 , 21283]
522961=[ 11896]
518449=[ 11928]
538984=[ 11953 , 12309 , 12704 , 12757 , 12783 , 12988 , 13314 , 15100 , 15796 , 17267 , 17519 , 21110 , 21498 , 23321]
541247=[ 11954 , 19713 , 19983 , 20864]
250781=[ 11983]
528615=[ 11996]
394069=[ 12243]
546283=[ 16752 , 16751 , 19958 , 19959 , 19960 , 21477 , 21476 , 21475]
542259=[ 12294 , 12320 , 12882 , 13609 , 14048 , 14371 , 15341 , 16237 , 20399 , 20647 , 20729]
240169=[ 12879]
261456=[ 12868]
111=[ 80431]
363042=[ 16039]
533507=[ 17337]
524662=[ 19436]
543890=[ 19314 , 19309 , 19308 , 19307 , 19306 , 19305 , 19304 , 19303 , 19302 , 19313 , 19312 , 19311 , 19310]
1=[ 135289]
378960=[ 11106 , 11587]
8=[ 11133]
530649=[ 11330]
519293=[ 11474]
497257=[ 11622 , 13937]
430164=[ 12771]
543925=[ 13418]
545634=[ 14837]
528539=[ 23219]
236589=[ 20859]
529940=[ 22908]
785=[ 11084 , 11101 , 12127 , 12304 , 14138 , 15313 , 16990 , 16962 , 17658 , 17543 , 17618 , 17580 , 17978 , 18413 , 18478 , 18821]
3580=[ 18386 , 18352 , 19899]
6801=[ 22198]
9628=[ 21997]
10663=[ 11615 , 20248 , 20622 , 21199 , 21197 , 21190 , 21189]
19091=[ 16413]
24275=[ 13483 , 14156 , 14653 , 15216 , 15350]
110462=[ 11258 , 11264 , 12234 , 14652 , 19719]
116152=[ 12300 , 17234]
116191=[ 11712]
121497=[ 13519 , 15795]
121528=[ 13675 , 14688 , 15337 , 16607]
146091=[ 15806]
146234=[ 13239 , 14832 , 15836 , 16101 , 16340]
146678=[ 11235 , 14549 , 16407 , 16341 , 20622]
146699=[ 16679]
147417=[ 12210]
158535=[ 14117]
158536=[ 11425 , 11742 , 11882 , 14368 , 15786 , 16770 , 19429 , 19935 , 20282 , 20850 , 21159 , 21587 , 22087 , 23529]
163244=[ 11688 , 11722 , 12061 , 12193]
163245=[ 20622]
202787=[ 15397 , 17549 , 22812]
202928=[ 11435 , 12952 , 12953 , 12954 , 12955 , 12956]
203028=[ 21924 , 23454]
203092=[ 11272 , 11691 , 11710 , 17387 , 19044 , 19555 , 20199 , 20266 , 23671]
203293=[ 15836 , 16101 , 16340 , 21474]
203297=[ 14177 , 15756]
203422=[ 11460 , 12380]
203530=[ 11716 , 11764 , 11923 , 13722 , 13895 , 16396]
203757=[ 21682]
204867=[ 11722 , 18014 , 18820 , 21450]
205262=[ 11444 , 12933 , 22173]
205485=[ 13838 , 14770]
205662=[ 17600]
207591=[ 14164 , 18080 , 18186 , 18185]
207893=[ 16400 , 16431]
207916=[ 11085 , 12171 , 12318 , 12619 , 13715 , 16859 , 16965 , 17142 , 17644 , 19139 , 20603 , 22029 , 22863 , 23270 , 23467]
208477=[ 12358 , 21467 , 22000 , 21911]
208623=[ 11555 , 19287]
208657=[ 11523 , 11794 , 12130 , 12212 , 12214 , 12651 , 12831 , 12678 , 18838 , 19190 , 19292 , 19340 , 19591 , 19546 , 19565 , 19724 , 19589 , 20068 , 22003]
208682=[ 14342 , 15362 , 19924]
226238=[ 14106 , 21558]
226489=[ 12212 , 12903 , 15123 , 15517]
229241=[ 14342 , 18331]
230124=[ 16922 , 21783]
234284=[ 12312 , 12788 , 12879 , 12707 , 13350 , 13610 , 14030 , 13984 , 14236 , 15594 , 16102 , 16866 , 17040 , 17597 , 17573 , 17611 , 18082 , 19291 , 19267 , 19407 , 19820 , 20010 , 20233 , 20392 , 21417 , 21574 , 21539 , 23359]
234303=[ 21666]
234847=[ 11271 , 11280 , 12194]
234848=[ 14360 , 14781 , 15426 , 20934 , 21348 , 26026 , 11446]
234849=[ 15088 , 17655 , 17786 , 18911 , 19290 , 19247 , 19438 , 19482 , 21448 , 21713 , 23371]
234861=[ 11598]
234974=[ 11235 , 11778 , 11924 , 12908 , 14549 , 15200 , 17269 , 20985 , 21339 , 21416 , 21693 , 21688 , 21709 , 22034 , 22199]
235853=[ 12183 , 14731 , 19911 , 21999 , 21933 , 22294 , 22302]
235872=[ 11255 , 11421 , 11524 , 11530 , 14450 , 17956 , 19434]
236241=[ 11083 , 11094 , 12698 , 15101 , 20721 , 21030]
236262=[ 11157 , 11552 , 11678 , 12871 , 12688 , 12981 , 12982 , 13889 , 14900 , 15193 , 16390 , 22379 , 150382]
236461=[ 11315 , 11940 , 14397 , 14384 , 14554 , 16659 , 16671 , 16769 , 17809 , 18614 , 18905 , 19437 , 19550 , 19548 , 19604 , 19644 , 19936 , 20226 , 21788 , 22664]
236463=[ 11087 , 16231 , 19429 , 20282 , 20850 , 21335 , 21333 , 21748]
236893=[ 13803 , 15126 , 16699 , 17120 , 17652 , 17957 , 19290 , 19247 , 19434 , 19438 , 19903 , 19776 , 20239]
236895=[ 20032]
238644=[ 11077 , 11693 , 12107 , 19434 , 19903 , 20859 , 21222 , 21374]
238646=[ 11548]
239023=[ 17635]
239039=[ 14850]
239040=[ 15126]
240104=[ 21879]
245906=[ 21359 , 23473]
247758=[ 20858 , 21221]
248797=[ 13530 , 20616 , 23201]
248798=[ 14039 , 20151 , 21341]
248800=[ 13957 , 13974 , 15830 , 15831 , 17612 , 19393]
249105=[ 11087]
249106=[ 11786 , 11800 , 12325]
249411=[ 12354 , 12401 , 12866 , 12781 , 14393 , 16464 , 21223]
252493=[ 11158 , 16413 , 16357 , 16313 , 16707 , 21287]
256719=[ 14622]
257602=[ 13957 , 13974 , 15127 , 15194 , 15830 , 15831 , 17262 , 17799 , 19393 , 19270]
259260=[ 15192]
259675=[ 21452]
261443=[ 14276]
265947=[ 14547]
268851=[ 11276 , 11495 , 19392 , 20931 , 21349 , 21455 , 21454 , 21546 , 21502 , 21705 , 21712 , 21879 , 21848]
272880=[ 11968 , 18917]
273408=[ 19526]
287301=[ 12780]
290214=[ 13611 , 16220 , 16909 , 17103 , 19280]
292117=[ 11072 , 11088 , 11313 , 11804 , 12163 , 12182 , 12259 , 12865 , 13404 , 16112 , 18002 , 19549 , 22110 , 23168 , 11446]
293434=[ 11498]
294306=[ 23192]
294486=[ 21196]
298562=[ 11503 , 11590]
300646=[ 12652 , 14723 , 15881 , 16762]
357753=[ 18353]
357870=[ 11428 , 22261]
357885=[ 11811]
359032=[ 17845]
359313=[ 11116 , 11149 , 18388 , 18364 , 19428]
359878=[ 12952 , 12953 , 12954 , 12955 , 12956]
359895=[ 15710 , 16387]
360394=[ 12039 , 16210 , 20643]
360484=[ 11074 , 11090 , 11260 , 13799]
360523=[ 11676]
360527=[ 20722]
360612=[ 11597 , 11609]
360694=[ 16954]
360766=[ 11478]
360878=[ 11278 , 11493 , 11511 , 11586 , 11592 , 12140 , 12220 , 12993 , 13700 , 13839 , 21499 , 22417]
360896=[ 11603 , 11730 , 11907 , 11908 , 11910 , 12042 , 12044 , 12962 , 15916 , 16092]
360897=[ 15197 , 16013 , 16066 , 17288 , 18135 , 18586 , 18597]
360924=[ 11121 , 11725 , 11773 , 13980]
361030=[ 12243 , 16998]
361059=[ 15376 , 15378 , 17308 , 19528]
361087=[ 12238 , 17125 , 18234]
361191=[ 17200 , 18011]
361216=[ 12875]
361235=[ 21022 , 21020]
361360=[ 11743 , 11881]
361410=[ 15362 , 20271 , 20317 , 22421]
361420=[ 11144 , 12228 , 12265 , 12351 , 12382 , 12880 , 12697 , 15385 , 15394 , 22001 , 22399 , 22737]
361551=[ 17743]
361624=[ 11126 , 21724]
384799=[ 11146]
384811=[ 14145]
384817=[ 17337 , 18084 , 23620]
361930=[ 18596]
362353=[ 13411]
381625=[ 14847 , 17134 , 18967]
361438=[ 13319 , 15335]
300649=[ 11126 , 12854 , 12723 , 17980 , 17853 , 19434]
216292=[ 11678]
142998=[ 19581 , 19527 , 22383]
19402=[ 19488 , 19702 , 20338]
259937=[ 23522]
203120=[ 11312]
80153=[ 11657]
729=[ 21466 , 21680]
3865=[ 11693]
6505=[ 19070]
7402=[ 14726 , 14641 , 17388]
8127=[ 20370]
14105=[ 11115]
21370=[ 11758]
22399=[ 11117]
26731=[ 12302 , 12316 , 12609 , 12814]
28277=[ 18389]
31019=[ 15121 , 15384]
32632=[ 11477 , 13377 , 14784 , 15113 , 15189 , 15766 , 17187 , 18274]
53713=[ 11509 , 11504 , 11623 , 11637]
55343=[ 11643 , 17659]
58862=[ 11693]
77102=[ 18390 , 18715 , 20310 , 22998 , 23310]
88108=[ 12864 , 12855 , 13703]
88199=[ 14557]
88202=[ 12822 , 12907 , 14708 , 19954 , 19953 , 20355 , 22235]
88239=[ 11078]
90641=[ 18465]
90738=[ 12858 , 19659 , 22117 , 22878 , 22907 , 23119]
121556=[ 22942]
131597=[ 21203 , 22904]
133298=[ 18021 , 18341 , 18534]
133527=[ 12228]
142522=[ 11786 , 11800 , 14833 , 14980]
144793=[ 12037 , 12811 , 14540 , 14725 , 14622 , 15270]
145198=[ 22322]
145819=[ 11508]
146289=[ 15354]
146316=[ 11712]
147023=[ 11464 , 19775]
147734=[ 13717]
147770=[ 15348]
147952=[ 17102 , 17798 , 18334]
148044=[ 22024]
153197=[ 12321]
166913=[ 11119 , 11450 , 11454 , 11490 , 11796 , 11924 , 11944 , 12129 , 12827 , 13930 , 13973 , 14549 , 15120 , 16735 , 17127 , 17764 , 18391 , 18730 , 18820 , 19297 , 19599 , 19662 , 19916 , 20271 , 20236 , 20329 , 23266]
202400=[ 15738 , 16401 , 19929]
202653=[ 13429 , 13611]
202694=[ 11799 , 11878 , 12140 , 15199]
202768=[ 18332]
203140=[ 12758 , 12776 , 14560 , 15338 , 22390]
203143=[ 13423 , 13722 , 16396]
203156=[ 11072 , 11088 , 11313 , 12163 , 23168]
203438=[ 11429 , 11599 , 12863 , 14405 , 15834 , 15935 , 17261]
203815=[ 19814 , 21637]
204678=[ 19930 , 19884 , 20067]
204843=[ 11968]
205144=[ 11110 , 11112 , 11139 , 11144 , 11607 , 11626 , 11717 , 11750 , 12111 , 12351 , 12880 , 20162 , 23209]
205160=[ 12356 , 13884 , 16125 , 16997 , 17577 , 19441 , 22278 , 23259 , 23675]
205338=[ 11241]
205918=[ 12038 , 12091 , 12169 , 18410 , 23581]
207385=[ 13879]
207555=[ 12208 , 16899 , 17139 , 17634 , 17762]
208033=[ 11906 , 12058 , 12883 , 12703 , 12791 , 15731 , 18728 , 21586 , 21936 , 21984 , 22025 , 22250]
208080=[ 11531 , 11536 , 19926 , 20274 , 20831 , 21213 , 21735 , 23228]
208099=[ 11519 , 13000]
208159=[ 11498 , 17306 , 21195 , 21451]
208161=[ 12349]
208169=[ 21185]
208170=[ 12079 , 13678 , 13878 , 13939]
208277=[ 13422 , 20048]
208405=[ 12102 , 16228 , 18546 , 18508 , 19651 , 19918]
208426=[ 21554]
219202=[ 14392 , 14280]
219272=[ 12082]
224934=[ 12327]
226168=[ 11657 , 12131]
226909=[ 11588]
227954=[ 11791]
228525=[ 11791]
230050=[ 11082 , 11262 , 11314 , 11423 , 11445 , 11448 , 11630 , 11633 , 11916 , 11971 , 12028 , 12159 , 12211 , 13461 , 13540 , 13533 , 13577 , 13734 , 13771 , 13785 , 13857 , 13858 , 13963 , 14140 , 14123 , 14076 , 14124 , 15221 , 15324 , 16410 , 16385 , 16334 , 19095 , 19299 , 19327 , 19463 , 19532 , 19617 , 19868 , 19854 , 19826 , 20719 , 21005 , 21152 , 21047 , 21426 , 21503 , 21678 , 21651 , 21849 , 21969 , 22398]
230051=[ 13734 , 17581 , 19299 , 19463 , 21972]
230052=[ 13539 , 14900 , 16082 , 19191 , 21110 , 21498 , 134445]
234976=[ 11234 , 11752 , 11967 , 11998 , 12047 , 12132 , 12978 , 13733 , 13872 , 13873 , 13930 , 14629 , 14642 , 15243 , 15275 , 15758 , 16082 , 15974 , 16723 , 17094 , 17191 , 17683 , 17796 , 18087 , 18279 , 18277 , 18607 , 18828 , 18960 , 19098 , 19273 , 19349 , 19528 , 19469 , 19543 , 19487 , 19584 , 19866 , 20411 , 20571 , 21549 , 21495 , 21750 , 22225 , 22444 , 22662 , 23183 , 23318 , 23462 , 23512 , 23539 , 23577]
235262=[ 11422 , 11580 , 11747 , 11898 , 11953 , 11967 , 12132 , 12935 , 14137 , 15208 , 17669 , 17683 , 18009 , 17864 , 18083 , 18360 , 18404 , 18492 , 19115 , 19186 , 19056 , 19725 , 19580 , 19848 , 21650 , 21982 , 22445 , 22665 , 23499 , 23558]
235873=[ 15782]
236278=[ 11638 , 11690 , 11751 , 11914 , 11945 , 11952 , 12531 , 13525 , 14090 , 14421 , 15125 , 15229 , 15234 , 15351 , 15359 , 15361 , 15784 , 16516 , 16817 , 20008 , 21978 , 21915 , 21926 , 22275 , 22945 , 22676]
236622=[ 11238 , 11432 , 11500 , 11634 , 11753 , 11803 , 12961 , 13675 , 14127 , 14133 , 14417 , 15337 , 16158 , 16316 , 16790 , 18407 , 18328 , 20035]
236626=[ 14743 , 15190 , 15389 , 15762 , 16074 , 16255 , 16995 , 17104]
237243=[ 17370]
237327=[ 22037]
237591=[ 15213]
238332=[ 11630 , 12028 , 12192]
238571=[ 12027 , 17288 , 18586]
239021=[ 11411 , 11412 , 0 , 11413 , 11414 , 11415 , 11416 , 11417 , 11465 , 11525]
239041=[ 11983 , 12140 , 14391 , 14553 , 14555 , 14566 , 14790 , 15242 , 16096 , 19099 , 21722]
239246=[ 21438]
239880=[ 15221]
240155=[ 18372]
240617=[ 11512 , 11693 , 15697 , 16121 , 16414 , 16339 , 16528 , 17265 , 17951 , 18802 , 19132 , 19120 , 19039]
244181=[ 20718 , 23156]
244251=[ 16211 , 20268]
245913=[ 11524 , 11763 , 19934 , 20619]
249102=[ 16978 , 20283 , 20699]
250537=[ 13718 , 16113]
250669=[ 11906 , 16220 , 17928]
252781=[ 11101 , 11130 , 11142 , 11279 , 11437 , 11757 , 11948 , 11989 , 12238 , 12262 , 12884 , 12864 , 13977 , 14167 , 14394 , 14864 , 15352 , 15515 , 15779 , 15776 , 15907 , 16714 , 18282 , 18376 , 20224 , 20103 , 21851 , 21973 , 22296]
253856=[ 13401]
257946=[ 22309 , 22778]
259258=[ 11080 , 12774 , 12957 , 16728 , 16913 , 17291 , 18505]
259677=[ 11733 , 11984 , 12058 , 12165 , 12883 , 12703 , 13802 , 14113 , 14870 , 15241 , 15506 , 15724 , 16723 , 16974 , 18577 , 18562 , 19766 , 20223 , 20211 , 20237 , 20865 , 21200 , 21288 , 21356 , 21723 , 21792 , 22291 , 23268 , 23476 , 23503 , 23540 , 23625 , 23659]
259934=[ 11442 , 16426 , 16535]
260820=[ 15193 , 16423 , 16727 , 16766 , 18213 , 21284]
261146=[ 14114 , 14234]
261412=[ 18280 , 18226 , 18374 , 18973]
262114=[ 11131 , 12310]
263607=[ 11248 , 20011]
263626=[ 23255]
264769=[ 14850 , 21373]
266320=[ 11165 , 13375 , 13782 , 21754 , 22277]
266991=[ 11545]
270500=[ 16645 , 17242 , 21492]
271334=[ 11168 , 11175 , 11243 , 11269 , 12817 , 16231 , 19863 , 22209]
272896=[ 16733 , 17525 , 19116]
273701=[ 15850]
288208=[ 15453]
288273=[ 13713 , 15322 , 16193 , 17659 , 18019 , 18373 , 18405 , 18608 , 18623]
288340=[ 11427 , 12361 , 20159]
289947=[ 11131 , 11137 , 11153 , 11713 , 15366 , 19268 , 19906 , 20170 , 20359 , 21403 , 21658 , 23084 , 23232 , 23251 , 23526 , 23633 , 14536]
291231=[ 19885]
292629=[ 11165]
292856=[ 12037]
292873=[ 20009]
293105=[ 12997 , 13539 , 16060]
295245=[ 15995]
298131=[ 15529 , 19286]
314013=[ 15768 , 19603 , 21671]
328571=[ 18503 , 19051 , 19561 , 19464]
355175=[ 11716 , 11741 , 11819]
355177=[ 18189 , 21493]
355241=[ 11645 , 11671 , 12105 , 12232 , 12271]
355594=[ 21991]
355888=[ 12957 , 14030 , 14370 , 14418 , 14899 , 21649]
356655=[ 16351]
357187=[ 12607 , 13702 , 14377 , 20854]
357201=[ 11256]
357203=[ 11102 , 11135 , 11162 , 17665]
357205=[ 11127 , 12065 , 13673]
357260=[ 11099 , 11138 , 11270]
357430=[ 11074 , 11090 , 11236 , 11260 , 11267 , 11619 , 11693 , 11893 , 12098 , 12239 , 14672 , 16409 , 16310 , 16693 , 21736 , 23119]
357467=[ 11249 , 11471 , 11488 , 14762 , 21469]
357866=[ 12386 , 15196 , 16079 , 17201 , 19725 , 19850 , 21228 , 21229 , 21254 , 21227 , 21226 , 21234 , 21504 , 21993 , 22442 , 22772]
358444=[ 16063 , 16945]
359420=[ 21645 , 21924 , 23454]
359835=[ 11120 , 15744 , 16364]
359861=[ 22208]
359870=[ 12047 , 12387 , 17048 , 17177 , 17656 , 17613 , 17595 , 17518 , 17443 , 17808 , 17796 , 18385 , 18403 , 18350 , 19079 , 20275 , 20228 , 20204 , 20614 , 21820 , 22799 , 23598]
359916=[ 16635 , 16686 , 16652 , 16954 , 17256]
359923=[ 20870]
359946=[ 11694]
359950=[ 19913 , 23111]
359960=[ 11695]
359993=[ 11481 , 11621 , 21874 , 23379]
360022=[ 14250 , 16730 , 16720]
360064=[ 13965]
360153=[ 11231 , 12040 , 12236 , 12648 , 15353 , 17264 , 18473 , 18542 , 23465]
360227=[ 11108 , 11776 , 12869]
360237=[ 20641]
360264=[ 23579]
360294=[ 14084 , 14065 , 16406 , 16678 , 17197 , 20974]
360296=[ 11481 , 11621]
360301=[ 11806 , 11982 , 11986 , 20613 , 21245]
360360=[ 12138]
360414=[ 12756]
360425=[ 13417]
360427=[ 14392]
360434=[ 11426 , 13004 , 13313 , 13385 , 14746 , 14747 , 14748 , 14761 , 14902 , 15116 , 15030 , 16138 , 18622 , 19824 , 20214 , 21440 , 21648 , 22256 , 23270 , 23155 , 23467]
360443=[ 11441 , 12161 , 12262 , 15372 , 16194 , 16726 , 16683 , 23670]
360446=[ 18030]
360450=[ 17134 , 17603 , 17769 , 23464]
360553=[ 11076 , 11141 , 11611 , 11715 , 14717 , 17986 , 17880 , 17846 , 18913 , 19118 , 19450 , 19462 , 23524 , 23624]
360569=[ 22392]
360592=[ 11481]
360606=[ 13402]
360738=[ 18823 , 20962]
360835=[ 11462 , 11526 , 14331 , 16745 , 19285 , 23469]
360858=[ 16539]
360859=[ 13586 , 13991 , 14232]
360865=[ 12841]
360868=[ 11547 , 16734 , 16691 , 18506]
360870=[ 11261 , 13617 , 14138 , 14049 , 14072 , 14088 , 17195 , 22845 , 23150 , 23248]
360875=[ 13859 , 14691]
360885=[ 16894 , 17382]
360895=[ 14716 , 14686 , 15851]
360905=[ 16991]
360965=[ 17415 , 18626 , 18625]
360970=[ 13136]
361001=[ 12628]
361023=[ 20869]
361049=[ 11450 , 12203 , 12226 , 21700]
361086=[ 16194 , 20630]
361097=[ 20725 , 22825]
361122=[ 12825 , 19057 , 20100]
361137=[ 12350]
361164=[ 16917]
361171=[ 11432]
361174=[ 14871]
361190=[ 12141]
361210=[ 16354 , 19289 , 19881 , 19845 , 20871]
361346=[ 12213 , 13706]
361347=[ 14512 , 17257]
361349=[ 11258 , 11264]
361371=[ 11815 , 11982 , 11986 , 12138 , 12266 , 16714]
361440=[ 17094 , 18087]
361456=[ 12772 , 14412 , 19961 , 21459 , 22106]
361461=[ 11329 , 11453 , 11605 , 11731 , 11911 , 14165]
361483=[ 19435]
361521=[ 11758]
361532=[ 11431 , 11606 , 11726 , 11902 , 12053 , 12671 , 12964 , 14884]
361579=[ 19767]
361581=[ 11105 , 11261 , 11424 , 11715 , 14398]
361587=[ 11098 , 11521 , 11922 , 11930 , 11958 , 11980 , 11987 , 11991 , 12653 , 18317 , 20613 , 20624 , 21139 , 21143 , 21283 , 22879]
361660=[ 16026]
361722=[ 12185 , 13429 , 13611 , 14419 , 16364 , 20366]
362526=[ 11736 , 11768 , 11889 , 11903 , 11917 , 12084 , 14548 , 15122 , 16538 , 18176 , 18172 , 20410 , 20423 , 22120 , 22321]
363537=[ 16645 , 21492]
365318=[ 11446]
367558=[ 11259]
384792=[ 18393]
384830=[ 15779]
384878=[ 12985 , 12986 , 13886 , 16714 , 16749 , 16748 , 16747 , 16746 , 18029 , 18188 , 18187 , 21473 , 21472 , 22330 , 22732 , 23286 , 23283 , 23282 , 23392]
384908=[ 11254]
384920=[ 15111]
384981=[ 17723]
384999=[ 11170]
385000=[ 11644 , 11673 , 11614]
385014=[ 14219]
385024=[ 14367 , 19828 , 23475]
385049=[ 15107]
385060=[ 13879]
387899=[ 19863 , 20143]
202975=[ 12896 , 17718 , 18474 , 22236]
203197=[ 11150 , 11237 , 12400 , 19460 , 20096 , 20646 , 20954]
203287=[ 11498 , 11693]
204247=[ 12772 , 12868 , 14412 , 18214 , 19961 , 21459]
204499=[ 13408]
205487=[ 12816 , 13526 , 14878 , 18753]
206053=[ 16932]
207687=[ 12675 , 23517]
333926=[ 16819]
348847=[ 22074]
355212=[ 11890]
355240=[ 12165 , 12989 , 14118 , 14660 , 14708 , 14956 , 15236 , 18409 , 18335 , 19124 , 19436]
355284=[ 11118]
355300=[ 11506 , 12308]
356217=[ 17847]
357226=[ 11270 , 11572 , 14362 , 14404]
357733=[ 12968 , 17523]
357890=[ 11894 , 14141 , 13978 , 19715 , 20200 , 20145 , 22990 , 22989 , 22988 , 23176]
358854=[ 0]
359354=[ 11914 , 12672 , 12673 , 12962 , 18389 , 20008 , 20878]
359762=[ 16420 , 19436]
362070=[ 16899 , 18495]
362090=[ 16445]
362688=[ 11611 , 15089 , 19928 , 22205 , 23241 , 23654]
362763=[ 22729]
363701=[ 11907 , 11908]
364193=[ 13524 , 22391]
364825=[ 11571 , 15365 , 18165 , 18476]
364963=[ 13673]
365109=[ 11270 , 20368]
377407=[ 16932]
28043=[ 11786 , 11800]
36233=[ 11315 , 13136 , 14397 , 14856 , 14985 , 15928 , 15907 , 19184 , 19604 , 19537 , 21878]
208123=[ 14900 , 16395]
208165=[ 11528 , 11965 , 17933 , 18007]
238568=[ 11421 , 13865]
361089=[ 18512]
503603=[ 11522 , 12137 , 12309 , 12704 , 12757 , 12783 , 13314 , 13655 , 13772 , 13970 , 15796 , 17267 , 17662 , 17519 , 17916 , 19263 , 23202]
363964=[ 12204 , 12991 , 12998 , 12999 , 13606 , 13680 , 13866 , 13867 , 13871 , 13875 , 20419 , 20421 , 20422 , 21464]
504744=[ 11122]
188322=[ 11124 , 23579]
516844=[ 11430 , 11574 , 11602 , 11941 , 12535 , 14053 , 13985 , 14507 , 19883 , 19858]
545047=[ 11452]
392291=[ 11458]
393909=[ 11475 , 11738 , 11817 , 13421 , 14382]
543678=[ 11535 , 12108 , 12862 , 12966 , 15778 , 16946 , 18317 , 19424 , 23600]
522922=[ 11639 , 19057 , 19914]
208696=[ 11694]
227370=[ 11156]
229575=[ 11109 , 11111 , 12099 , 12172 , 12186 , 12222 , 12227 , 12295 , 12314 , 12359 , 12876 , 13683 , 13882 , 13883 , 14436 , 22295]
388641=[ 21547]
557312=[ 26026 , 23727 , 11446]
545559=[ 11542 , 11815 , 12187 , 17176]
88249=[ 11231 , 12140 , 13956 , 15607 , 15611 , 17747 , 17748 , 21233 , 23000]
361741=[ 11537]
240619=[ 11253 , 11496 , 11895 , 11919 , 11966 , 12036 , 12124 , 12125 , 12126 , 12207 , 12385 , 12633 , 12634 , 13350 , 13469 , 13610 , 13586 , 13828 , 14072 , 13984 , 15193 , 15340 , 16318 , 17023 , 17628 , 17611 , 18406 , 18482 , 18979 , 21561 , 22466 , 22903 , 23574]
248938=[ 11273 , 11280 , 12162 , 20615]
800077=[ 150392]
208181=[ 11434 , 11947 , 12306 , 15191 , 15758]
208082=[ 13414 , 21987]
507533=[ 11942 , 16412 , 23527]
357334=[ 11123 , 11128 , 11093 , 11632 , 11642 , 11672 , 11693 , 11877 , 11988 , 12109 , 12128 , 12167 , 12549 , 12629 , 13977 , 14115 , 14216 , 14394 , 14782 , 15220 , 15840 , 15928 , 15907 , 19449 , 19985 , 21718 , 21916 , 23265]
203663=[ 15532 , 19897 , 19859 , 21791]
384891=[ 11942 , 12242 , 13002 , 13881 , 15910 , 15921 , 16120 , 16011 , 16917 , 18273 , 18377 , 18855 , 19326 , 19325 , 19324 , 19323 , 19322 , 19321 , 19320 , 21933]
381696=[ 16934]
375962=[ 11944 , 15532 , 16814 , 18836]
253596=[ 11460]
143627=[ 11546 , 11739 , 11740 , 11761 , 11801 , 16404 , 16381 , 16708]
203352=[ 11498 , 11523 , 11755 , 13345 , 13184 , 14113 , 14847 , 16107 , 16713 , 16694 , 16680 , 16940 , 17131 , 18838 , 19190 , 19340 , 19549 , 19591 , 19597 , 19907 , 19890 , 19823 , 20276 , 20154 , 20386 , 20409 , 22064 , 23269 , 23511]
394551=[ 134445]
524034=[ 20725]
288344=[ 12997 , 14691 , 16098 , 19918 , 20142 , 22347]
485135=[ 19044 , 19555 , 19813 , 19870 , 20266]
273703=[ 11263 , 11274 , 11513]
355864=[ 11429 , 12863 , 15834 , 15935 , 17261 , 17936 , 17869]
205928=[ 11103 , 11152 , 11327 , 11900 , 12165 , 12753 , 12871 , 12688 , 12979 , 13732 , 13986 , 14064 , 14267 , 15236 , 16047 , 18336 , 19052 , 19402 , 20011 , 20265 , 20229 , 20281 , 20191 , 20241 , 20406 , 20544 , 20600 , 20865 , 20949 , 21703 , 22388 , 22696 , 23593]
203708=[ 12990]
203147=[ 11118 , 11164 , 11970 , 12771 , 13971 , 15910 , 16120 , 18020 , 18273 , 18221 , 18351 , 18855 , 19326 , 19957 , 20407 , 21006]
236467=[ 21453 , 21555 , 21711 , 22414]
298143=[ 11096 , 11107 , 11145 , 11686 , 11693 , 13862 , 17525 , 21873 , 22102 , 22285]
355204=[ 12315 , 21633]
368391=[ 171910]
2=[ 134445]
363746=[ 17118 , 19342]
365155=[ 15807 , 16127 , 16824 , 17278]
381025=[ 18499]
4=[ 26081]
345=[ 26077]
2222=[ 80431]
3602=[ 20933]
14153=[ 14504]
14363=[ 14504]
36069=[ 16686]
545119=[ 16143 , 18035 , 18033 , 18032 , 18031 , 18191 , 18190]
531315=[ 17200]
509673=[ 17188 , 18005]
543987=[ 19119 , 21575]
236311=[ 11799]
530219=[ 19545 , 20316]
531553=[ 20640]
529064=[ 20640]
361417=[ 21457]
540260=[ 171901]
106701=[ 13524]
377920=[ 20982]
516337=[ 12607 , 15829 , 16121 , 16414 , 16528 , 17049 , 17620 , 17592 , 17550 , 17989 , 18076 , 21289 , 22331 , 23284 , 23587]
532682=[ 12338]
204142=[ 21105]
153189=[ 20718]
166931=[ 20622]
355599=[ 19333]
11942=[ 12936]
91738=[ 23545]
144522=[ 15078]
255240=[ 20285 , 20616]
256711=[ 20614]
259653=[ 20630]
362686=[ 21184]
362746=[ 15841]
85114=[ 15381]
360850=[ 11151 , 11328 , 11482 , 11549 , 11589 , 12049 , 12774 , 12957 , 13618 , 14548 , 14772 , 15122 , 15095 , 16155 , 16743 , 18176 , 18175 , 18174 , 18173 , 18171 , 20419 , 20421 , 20983 , 21749 , 22320 , 22319]
540999=[ 12984 , 13391]
540998=[ 12984 , 13391]
540738=[ 13002]
208558=[ 20738]
151760=[ 13855]
524472=[ 19581 , 19527 , 22383]
202864=[ 18020]
523973=[ 14208]
251251=[ 20593 , 22005]
125747=[ 11501 , 11612 , 11940 , 12224 , 13894 , 18220 , 18369]
384316=[ 14237 , 14336 , 14839]
542257=[ 14399]
516506=[ 17647]
529748=[ 18366]
532936=[ 20640]
355222=[ 14557]
529468=[ 14762]
203135=[ 23221]
523279=[ 23530]
536384=[ 18166 , 22997 , 22996]
381725=[ 22007]
530215=[ 20382]
489540=[ 16688]
214404=[ 12722 , 23034]
219203=[ 15433 , 23226]
361634=[ 11134]
355154=[ 15756 , 16705 , 17233]
392632=[ 16113]
528540=[ 20725]
279954=[ 17780 , 18380 , 19256]
526427=[ 16861 , 19424]
236641=[ 16960]
293674=[ 11096 , 11107 , 11145 , 11686 , 12328 , 12638 , 12878 , 12867 , 12990 , 13608 , 13658 , 13660 , 13719 , 13792 , 13862 , 13976 , 14092 , 14721 , 15199 , 15896 , 16138 , 16212 , 18311 , 18235 , 18378 , 18836 , 18921 , 21648 , 23250 , 23343]
124984=[ 14825]
521514=[ 11081 , 11479 , 11582 , 11631 , 11635 , 11735 , 11748 , 13536 , 15781 , 16718 , 16697 , 17131 , 17133 , 17235 , 18590 , 19897 , 19859 , 19771 , 19977 , 20309 , 21766 , 22032 , 22304 , 22307 , 22266 , 22348 , 23629]
390838=[ 17660 , 17615 , 17962]
133488=[ 17054 , 17663 , 17646 , 17621]
363926=[ 17845]
228410=[ 11598]
371418=[ 18085]
515371=[ 18212]
293691=[ 11116 , 18388 , 19428]
528810=[ 18366]
360416=[ 11252 , 11883 , 11913 , 12776 , 12710 , 14035 , 14385 , 15294 , 15368 , 16689 , 16765 , 16650 , 16614 , 15409 , 18501 , 18513 , 18975 , 19428 , 19871]
144209=[ 11693 , 14825]
203835=[ 11426 , 11449 , 11601 , 12305 , 12307 , 12357 , 12661 , 12652 , 12877 , 12711 , 13385 , 13972 , 15083 , 15627 , 15820 , 15915 , 15881 , 16103 , 16080 , 16681 , 17920 , 17870 , 18154 , 18257 , 18614 , 19071 , 20334 , 20937 , 21912 , 22960 , 22888 , 23170]
235851=[ 12358 , 12850 , 12797 , 12717 , 12685 , 13799 , 14365]
237328=[ 11474 , 11915 , 13463 , 13979 , 14217 , 14333 , 14504 , 15364 , 16386 , 16533 , 16672 , 16702 , 16994 , 17202 , 18255 , 18218 , 18379 , 18368 , 19411 , 20283 , 20699]
357182=[ 11879 , 12228 , 12265 , 12351 , 18166]
202988=[ 11642 , 11672 , 11877 , 14545]
146968=[ 12759 , 12872 , 14741 , 16957 , 19811 , 20242 , 20852]
207763=[ 11691 , 11710 , 11714 , 11732 , 11797 , 11798 , 12134 , 12135 , 12856 , 14089 , 14416 , 15076 , 16077 , 18385 , 19445 , 19932 , 20152 , 20197 , 20375 , 20635 , 23213]
1241=[ 11430 , 11640]
357751=[ 11436 , 11528 , 12198 , 12217 , 12353 , 16228 , 16542 , 16753 , 19451]
394536=[ 19898]
88210=[ 11551 , 18352 , 18902 , 19122 , 19055 , 20541 , 22353]
247654=[ 18906 , 19117]
146941=[ 12312 , 12983 , 12994 , 13662 , 13600 , 13788 , 15379 , 19139 , 19134 , 19445 , 20245]
529078=[ 20723]
248688=[ 11895 , 12297 , 12324 , 12639 , 12879 , 14363 , 16983 , 17177 , 17410 , 17595 , 20091 , 20165 , 20339 , 20628 , 21653 , 22012]
534226=[ 20984]
360754=[ 11470 , 12361 , 21037]
214529=[ 12082]
121564=[ 22286]
253323=[ 16025 , 17768 , 19601 , 19962 , 19978 , 20854 , 21201 , 22912 , 23554 , 23523 , 23615]
268066=[ 11242 , 11255 , 11483 , 11530 , 12963 , 15089 , 16996 , 19931 , 20718 , 21250 , 21360 , 21425 , 21408 , 21422 , 21421 , 21371 , 21581 , 21725]
361268=[ 14091 , 23588]
203780=[ 12989 , 14660 , 16463 , 19436 , 20285 , 21786]
240040=[ 12311 , 12630 , 12715 , 18983]
102942=[ 17890 , 22121 , 22905 , 23346 , 23569]
134469=[ 21873 , 22216]
227273=[ 19908]
524268=[ 22258]
535253=[ 22259]
371546=[ 22406]
384994=[ 11244 , 17718 , 18474 , 22354]
387938=[ 11160 , 13828 , 14847 , 17525 , 18018 , 18166 , 18351 , 18604 , 22006]
383709=[ 12607 , 13702 , 14377 , 15189 , 17049 , 17133 , 17620 , 17592 , 17550 , 20854 , 22814]
236276=[ 23078]
204107=[ 15051 , 15338 , 17992 , 18361 , 18589 , 18498]
535851=[ 23542]
226440=[ 16499]
360676=[ 15344 , 16397 , 21738 , 23068 , 23415 , 23599]
389297=[ 11484 , 12200 , 14146 , 14148 , 14150 , 14160 , 14163 , 15225 , 15624 , 15626 , 15808 , 15809 , 15707 , 17412 , 17413 , 17414 , 18023 , 18024 , 18025 , 23087]
146552=[ 16416]
226479=[ 11943 , 12136 , 12170 , 12298 , 12310 , 12383 , 12623 , 12618 , 13283 , 13773 , 13869 , 13870 , 13938 , 13930 , 14140 , 14128 , 14044 , 14241 , 14393 , 14550 , 14703 , 14568 , 14987 , 15380 , 15579 , 22084 , 22064 , 23434]
208206=[ 11455 , 11685 , 11746 , 11931 , 11969 , 12166 , 18416 , 18606 , 18477 , 22819]
208059=[ 13530 , 13711 , 13850 , 13831 , 14039 , 16462 , 19300 , 19250 , 19470 , 19530 , 19587 , 19875 , 19878 , 20120 , 20205 , 20376 , 20364]
203756=[ 12209 , 14621 , 16965 , 17142 , 17124 , 17644 , 17908 , 18712 , 19251 , 19378 , 20200 , 20196 , 20593 , 21917 , 23504]
205999=[ 14657 , 18752]
208660=[ 13524]
235265=[ 11440 , 11752 , 11885 , 11967 , 11998 , 12132 , 12189 , 12386 , 13607 , 13828 , 15243 , 15608 , 16369 , 17191 , 17514 , 18713 , 18960 , 19273 , 20411 , 20571 , 21785 , 22206 , 22308 , 22167 , 22446 , 22959 , 22880 , 22867 , 22741 , 23115 , 23253 , 23242 , 23149 , 23342 , 23301 , 23630 , 23688]
253594=[ 11615 , 11961 , 12171 , 12299 , 12619 , 12743 , 12790 , 13730 , 14403 , 14514 , 15208 , 16013 , 16122 , 16418]
536195=[ 0]
542989=[ 139287]
541633=[ 150392]
541033=[ 150382]
249103=[ 14381 , 15423]
30452=[ 11518 , 11625 , 11770 , 12080 , 14872 , 17291 , 18381 , 18325 , 18922 , 19643 , 19720 , 21556]
144655=[ 11985 , 12123 , 12174 , 12184 , 12192 , 12317 , 12347 , 12642 , 12826 , 12830 , 12837 , 12897 , 13721 , 13795 , 14155 , 15247 , 15737 , 16104 , 16339 , 16377 , 16712 , 16624 , 16764 , 16868 , 16928 , 17258 , 17970 , 18842 , 19188 , 19257 , 19258 , 19249 , 19559 , 19590 , 19663 , 19877 , 19925 , 21497 , 22113 , 11446]
542319=[ 22994]
539105=[ 12030]
516165=[ 11457]
360184=[ 11947]
361290=[ 18178 , 18177]
240910=[ 26026]
235833=[ 21438]
360320=[ 21337 , 21404]
360396=[ 15345 , 18494 , 20265 , 20232 , 23225]
217753=[ 11082 , 11109 , 11262 , 11423 , 11593 , 11677 , 11759 , 13344 , 13577 , 13857 , 14123 , 14532 , 19327 , 19398 , 20148 , 20719 , 21577 , 21934 , 22170 , 22280]
235850=[ 13225 , 17768 , 23352]
202976=[ 11159 , 11237 , 11265 , 11713 , 11895 , 12131 , 12142 , 12158 , 12185 , 12188 , 12190 , 12254 , 12297 , 12309 , 12324 , 12352 , 12386 , 12387 , 12670 , 12639 , 12704 , 12879 , 13003 , 13529 , 13681 , 13682 , 13772 , 13856 , 13880 , 14082 , 14363 , 14551 , 15366 , 15579 , 16055 , 16166 , 16365 , 16804 , 16934 , 18385 , 18587 , 19172 , 19153 , 19158 , 19531 , 19588 , 19578 , 19765 , 19853 , 20091 , 20170 , 20231 , 20165 , 20270 , 20352 , 20628 , 21183 , 21123 , 21231 , 21230 , 21643 , 21653 , 21880 , 21956 , 22111 , 22290 , 22270 , 22165 , 23084 , 23373 , 23505 , 23560 , 23576]
208222=[ 22064 , 23472]
225992=[ 11780 , 12059 , 12076 , 12327 , 12693 , 12906 , 12967 , 13578]
202696=[ 11264 , 11447 , 12992 , 13868 , 13874 , 14126 , 15208 , 15532 , 16025 , 16404 , 16381 , 16708 , 19596 , 19811 , 20242 , 20852 , 21744 , 22995]
236277=[ 11240 , 11277 , 11388 , 11433 , 11502 , 11579 , 11596 , 11687 , 11981 , 12171 , 12230 , 12240 , 12319 , 14657 , 14792 , 14827 , 16123 , 16972 , 17151 , 17210 , 18003 , 18086 , 18331 , 18752 , 18827 , 19282 , 19411 , 19468 , 21654 , 11446 , 0 , 150381]
236460=[ 11125 , 11624 , 12106 , 12617 , 12624 , 14657 , 14851 , 14842 , 14790 , 15087 , 14979 , 15242 , 18752]
203562=[ 12212]
213849=[ 26026]
236148=[ 12850 , 12717 , 15123 , 15775 , 16033 , 15973 , 16384 , 16423 , 16378 , 16522 , 16696 , 17113]
239731=[ 11161 , 11252 , 11494 , 11664 , 11763 , 11887 , 11913 , 12179 , 12644 , 12622 , 12842 , 14986 , 15358 , 15368 , 16288 , 16525 , 16690 , 16555 , 16978 , 18532 , 18752 , 18795 , 19121 , 19428 , 19524 , 19871 , 19874 , 19876 , 19768]
226491=[ 11884 , 11897 , 11971 , 12212 , 13540 , 13843 , 13963 , 14559 , 14568 , 14961 , 14934 , 15340 , 16318 , 16424 , 17581 , 17565 , 18245 , 19262 , 19248 , 19407 , 19041 , 19345 , 19532 , 20157 , 20622 , 22976 , 23001 , 22873 , 23167 , 23516]
236620=[ 12183 , 13605 , 13843 , 16493 , 18807 , 19292 , 19473 , 19529 , 19610 , 19911 , 19886 , 20202 , 21093 , 21402 , 21999 , 21933 , 22294 , 22302 , 22771 , 22877 , 23040]
242401=[ 12821]
208054=[ 11818 , 23544]
236622=[ 11238 , 11432 , 11500 , 11634 , 11753 , 11803 , 12961 , 13675 , 14127 , 14133 , 14417 , 15337 , 16158 , 16316 , 16790 , 18407 , 18328 , 20035]
236622=[ 11238 , 11432 , 11500 , 11634 , 11753 , 11803 , 12961 , 13675 , 14127 , 14133 , 14417 , 15337 , 16158 , 16316 , 16790 , 18407 , 18328 , 20035]
3062=[ 11690 , 11912 , 11945 , 11951 , 11952 , 12686 , 12962 , 13372 , 13209 , 13525 , 14090 , 14421 , 14337 , 14525 , 15125 , 15784 , 16633 , 17230 , 17381 , 17890 , 18184 , 18183 , 18182 , 18255 , 18588 , 19172 , 19153 , 19158 , 22121 , 22305]
225489=[ 13118]
355269=[ 11796 , 12983 , 12994 , 13600 , 13788 , 14089 , 17127 , 17764 , 18256 , 18391 , 18515 , 18730 , 19445 , 19816 , 20243 , 20230]
202974=[ 11466 , 18906 , 18968 , 19117]
300650=[ 22281]
202073=[ 11643 , 21717 , 22033]
357717=[ 12300 , 14855 , 17054 , 17663 , 17646 , 17621 , 19567 , 19982]
88183=[ 11688]
264317=[ 11688 , 12193]
208162=[ 11903 , 19773 , 21359 , 21657 , 22289 , 23473]
290222=[ 11268 , 11458 , 11459]
379617=[ 16159 , 171913]
